# # reduced_coordinates ,energy, weight Sx,Sy,Sz
# 
0.000000000000000000e+00 -8.476218686069186603e+00 5.813539928750514502e-07 5.569133959615637749e-12 5.994669006587948086e-12 -3.492506130271839152e-12
0.000000000000000000e+00 -8.456934230012539189e+00 6.811578319414263646e-07 6.465914745200640103e-12 -3.592647297486376339e-12 -8.547449053787218720e-12
0.000000000000000000e+00 -8.431600461057712437e+00 3.999979157698681398e+00 -2.186850128413353467e-08 -4.100366358950058299e-09 -7.351965619628586524e-09
0.000000000000000000e+00 -8.426277913668265285e+00 1.711911303992063471e-05 3.680526769243763557e-11 -1.734380228051030906e-11 -3.212413000469102603e-11
0.000000000000000000e+00 -8.408836621454591764e+00 2.437369645430055200e-06 3.936011444209888725e-12 -7.410014712588902672e-12 1.526397280077142351e-11
0.000000000000000000e+00 -8.027474031510591246e+00 2.085850695961081050e-06 6.419302450189054514e-12 -4.564621094345616506e-12 -1.369884895255122992e-12
0.000000000000000000e+00 -8.016269836895681067e+00 4.475981487123534120e-06 2.954501955213909532e-12 1.902107158923131120e-12 -9.376938643843009808e-12
0.000000000000000000e+00 -8.006942805400161234e+00 1.999992777398203359e+00 1.055990565129727443e-08 -6.286038689573558713e-09 -1.176069203134844088e-08
0.000000000000000000e+00 -7.974130603598252875e+00 7.884780595234477038e-07 -1.282728712283046633e-12 -2.017667446217295755e-12 -1.991744460538993374e-13
0.000000000000000000e+00 -7.950367719720546233e+00 3.987701100380564245e+00 -3.401097681265952133e-09 2.718188424344347709e-08 3.310212437490633874e-09
0.000000000000000000e+00 -7.950051335181492540e+00 1.217513357986800895e-02 1.835133108943679241e-10 7.451608686849845418e-10 -4.540141767042909365e-10
0.000000000000000000e+00 -7.931539676260402238e+00 2.816044273787737039e-06 7.641314926853609463e-13 1.136819456995382109e-12 -1.088073125971460878e-11
0.000000000000000000e+00 -7.929845141564632272e+00 1.165607589274659759e-06 -7.361371924107682615e-13 2.864372673194990294e-12 6.743740990411505175e-12
0.000000000000000000e+00 -6.164383372133990235e+00 1.999999999755166069e+00 3.670299175695390659e-09 1.199932486706245527e-09 -7.481327835012763217e-09
0.000000000000000000e+00 -4.324611093155584562e+00 1.986446569669932884e-10 4.257990576120992140e-16 1.320826595096874594e-14 -1.175372734090856727e-13
0.000000000000000000e+00 -3.550538734776328642e+00 6.394909405687767884e-11 -1.100212508437430912e-14 -2.134773779525542652e-16 -5.707088610691837784e-15
0.000000000000000000e+00 -2.344989014469339439e-01 1.289886445125112761e-11 -5.999822555793850521e-15 -1.090338629311543628e-14 3.055827918541195991e-15
0.000000000000000000e+00 -6.723239266429642536e-02 1.947967839825287049e-11 9.761278180834066834e-15 -6.493263923427757034e-15 -2.271672693613643934e-14
0.000000000000000000e+00 3.962043892355342933e+00 5.427876495465498320e-11 -4.914563565141688174e-15 9.630324819239242052e-16 9.069067491654975081e-15
0.000000000000000000e+00 4.046766753969844643e+00 5.008551660278338045e-11 1.238454052076927485e-15 3.583758284809395421e-16 1.282591879785401768e-14
0.000000000000000000e+00 5.497030132944587422e+00 4.683832622872398361e-10 9.832524376791719143e-16 4.678885029751217623e-15 -4.225988634560987975e-15
0.000000000000000000e+00 5.713152994789883365e+00 4.232005188853346649e-10 1.015747401075962555e-15 6.470198003114699415e-15 3.670156720920640378e-16
0.000000000000000000e+00 6.564532020673793156e+00 1.999999999565465369e+00 -5.277810966042295604e-10 8.765950187950011241e-10 1.694327483869884077e-09
0.000000000000000000e+00 6.915386822055661575e+00 3.999999999336071532e+00 -1.825284118295300573e-09 5.602926317349599117e-10 1.753772849166779224e-09
0.000000000000000000e+00 7.250176275221389410e+00 1.999999998835693571e+00 -8.377898375044878776e-11 2.333418902544792672e-09 3.042983032219837014e-09
0.000000000000000000e+00 7.672456852335812982e+00 1.205638950803184787e-09 2.590609872408764575e-14 5.127118219144717067e-14 -6.952622958711054784e-14
0.000000000000000000e+00 8.046641515258734501e+00 2.119125393453726633e-10 -1.503142968380742911e-14 -1.814462716410502279e-14 -1.251352782509612809e-13
0.000000000000000000e+00 8.286858397181118718e+00 1.296333170998075007e-10 1.633466441201035342e-13 1.296423828365750283e-14 2.430583391327331843e-14
0.000000000000000000e+00 1.029939572214384569e+01 1.999999999850510246e+00 -7.329247875276223567e-09 1.989489595635718366e-09 -3.171476803398576294e-09
0.000000000000000000e+00 1.050268513548764560e+01 3.999999999384348470e+00 7.840895654975810203e-09 -3.244960012499520374e-10 -1.173553471067734222e-08
1.100000000000000000e+01 -8.476218686069186603e+00 3.072348412567839310e-07 -2.769906681232469023e-12 -9.716085429521470441e-13 -2.583304826944245688e-12
1.100000000000000000e+01 -8.456934230012539189e+00 1.999999354038688448e+00 6.400535781936333990e-09 4.155847362075082430e-08 -5.185838258814357005e-09
1.100000000000000000e+01 -8.431600461057712437e+00 9.691236586517781084e-06 8.839305056251019839e-12 1.032301189548436282e-11 2.942783483749286536e-12
1.100000000000000000e+01 -8.426277913668265285e+00 1.999990200809337537e+00 2.246263341998400165e-09 2.019061560998292038e-08 -3.757405746263042801e-08
1.100000000000000000e+01 -8.408836621454591764e+00 4.271712847639166533e-07 3.170122209584515791e-12 -4.908595447733616508e-12 -1.738859050078941607e-12
1.100000000000000000e+01 -8.027474031510591246e+00 1.077781654107488717e-06 -2.858013917695458918e-13 -3.294669289974855052e-12 2.761848663396349578e-12
1.100000000000000000e+01 -8.016269836895681067e+00 1.999996402863124967e+00 -9.912210517659669762e-09 -9.432935391129326774e-09 -6.322242167289271464e-09
1.100000000000000000e+01 -8.006942805400161234e+00 2.630237799401149969e-06 -1.266889696633514146e-12 -1.500640345631052043e-11 5.791615059306053597e-12
1.100000000000000000e+01 -7.974130603598252875e+00 1.999999478219370186e+00 -8.078167169911498746e-09 8.374429427693286243e-09 1.676013018647726227e-08
1.100000000000000000e+01 -7.950367719720546233e+00 9.846724527369448059e-07 -5.252379217676162888e-12 5.311786325112162366e-12 -9.233369381785783332e-12
1.100000000000000000e+01 -7.950051335181492540e+00 4.865535676466976327e-07 -2.187533528966245093e-12 -7.203663903634783732e-12 -8.878995091875617039e-13
1.100000000000000000e+01 -7.931539676260402238e+00 2.818359420253232269e-05 -3.240703988882355719e-12 -6.076530046660528269e-12 -4.593275505402733786e-11
1.100000000000000000e+01 -7.929845141564632272e+00 1.999970869490646619e+00 -3.132870525501818548e-08 3.075361944271381986e-09 -1.032083918328652317e-09
1.100000000000000000e+01 -6.164383372133990235e+00 1.294600817485150638e-11 1.319839111555260029e-14 2.370845059277065345e-15 2.076363991573744286e-14
1.100000000000000000e+01 -4.324611093155584562e+00 1.999999993313465563e+00 8.034634707554388910e-09 2.232624946030270507e-08 -1.794816070765925531e-08
1.100000000000000000e+01 -3.550538734776328642e+00 1.219131124997468056e-09 -2.090296173015428822e-14 -3.098360940344630782e-13 1.210610998804050719e-13
1.100000000000000000e+01 -2.344989014469339439e-01 3.700328232716440819e-09 -3.499830053167556961e-14 1.373442660746678181e-13 -6.363113731134188523e-14
1.100000000000000000e+01 -6.723239266429642536e-02 2.000000054992065124e+00 2.547341074188302912e-09 -1.751317701970123153e-10 -1.367707669341911014e-09
1.100000000000000000e+01 3.962043892355342933e+00 1.319621898975210721e-10 -1.596339493928337345e-14 8.917809543376868725e-15 -3.877383076283831508e-14
1.100000000000000000e+01 4.046766753969844643e+00 1.261327341024069468e-10 6.917042590396425884e-15 1.426019860495741919e-14 2.640722497002015449e-14
1.100000000000000000e+01 5.497030132944587422e+00 1.999999998574680360e+00 -3.978786050629068427e-10 6.813083153200949482e-10 1.960669820944005437e-10
1.100000000000000000e+01 5.713152994789883365e+00 2.000000000325063532e+00 1.630913459838012614e-10 1.117543085848993201e-09 1.386608328157734604e-09
1.100000000000000000e+01 6.564532020673793156e+00 1.841476870337680406e-11 -1.689562337774771849e-17 8.465145030951466450e-16 -1.209308294563842980e-15
1.100000000000000000e+01 6.915386822055661575e+00 2.922558680756986325e-11 9.525822504848329051e-15 2.111471162054130216e-14 1.130264731332694006e-14
1.100000000000000000e+01 7.250176275221389410e+00 7.587680899935397872e-12 -9.899459116369924308e-15 1.159776235364354944e-14 -1.078835589477041386e-14
1.100000000000000000e+01 7.672456852335812982e+00 1.999999986358718562e+00 9.466180258058121133e-09 5.269587873696357505e-10 -3.298639805748848630e-09
1.100000000000000000e+01 8.046641515258734501e+00 2.673757696396052518e-10 4.432257295027486541e-12 8.660485870291935974e-13 1.135562862901025175e-12
1.100000000000000000e+01 8.286858397181118718e+00 2.655645432416361594e-10 -1.752277720727647054e-12 1.472321341825264714e-12 8.472220381783350186e-13
1.100000000000000000e+01 1.029939572214384569e+01 1.620054173057584815e-11 2.308695046133726331e-12 8.576859922390306282e-14 -1.010112183562455772e-12
1.100000000000000000e+01 1.050268513548764560e+01 8.067676472781668443e-11 1.242439545444076764e-11 -1.876274082542202342e-11 -1.944958520736801213e-11
