k-point: -0.5 0.5 0.5
eigenvalues: -8.8047 -8.8047 -8.7839 -8.7839 -8.2963 -8.2963 -4.57 -4.57 5.2221 5.2221 7.0485 7.0485

k-point: -0.475 0.475 0.475
eigenvalues: -8.8046 -8.8046 -8.7843 -8.7836 -8.2969 -8.296 -4.5864 -4.5864 5.2266 5.2271 7.0534 7.0534

k-point: -0.45 0.45 0.45
eigenvalues: -8.8043 -8.8043 -8.7848 -8.7832 -8.2976 -8.2959 -4.6342 -4.6342 5.2405 5.2414 7.0682 7.0682

k-point: -0.425 0.425 0.425
eigenvalues: -8.8038 -8.8038 -8.7852 -8.783 -8.2985 -8.296 -4.7094 -4.7094 5.2638 5.2651 7.0926 7.0926

k-point: -0.4 0.4 0.4
eigenvalues: -8.803 -8.803 -8.7857 -8.7828 -8.2996 -8.2963 -4.8062 -4.8062 5.2962 5.2979 7.1263 7.1263

k-point: -0.375 0.375 0.375
eigenvalues: -8.8021 -8.8021 -8.7862 -8.7827 -8.3008 -8.2968 -4.9186 -4.9186 5.3375 5.3396 7.169 7.169

k-point: -0.35 0.35 0.35
eigenvalues: -8.801 -8.801 -8.7867 -8.7826 -8.3021 -8.2975 -5.041 -5.041 5.3873 5.3898 7.2198 7.2198

k-point: -0.325 0.325 0.325
eigenvalues: -8.7998 -8.7998 -8.7871 -8.7827 -8.3035 -8.2984 -5.1683 -5.1683 5.4452 5.448 7.2778 7.2778

k-point: -0.3 0.3 0.3
eigenvalues: -8.7986 -8.7986 -8.7876 -8.7828 -8.3049 -8.2995 -5.2966 -5.2966 5.5107 5.5136 7.3415 7.3415

k-point: -0.275 0.275 0.275
eigenvalues: -8.7973 -8.7973 -8.788 -8.783 -8.3062 -8.3006 -5.4225 -5.4225 5.5828 5.586 7.4086 7.4086

k-point: -0.25 0.25 0.25
eigenvalues: -8.796 -8.796 -8.7883 -8.7832 -8.3076 -8.3019 -5.5434 -5.5434 5.6606 5.6639 7.4759 7.4759

k-point: -0.225 0.225 0.225
eigenvalues: -8.7947 -8.7947 -8.7886 -8.7836 -8.3088 -8.3032 -5.6573 -5.6573 5.7429 5.7463 7.5385 7.5385

k-point: -0.2 0.2 0.2
eigenvalues: -8.7934 -8.7934 -8.7888 -8.784 -8.31 -8.3046 -5.7625 -5.7625 5.8282 5.8315 7.5894 7.5894

k-point: -0.175 0.175 0.175
eigenvalues: -8.7923 -8.7923 -8.789 -8.7845 -8.311 -8.3059 -5.8578 -5.8578 5.9144 5.9176 7.6182 7.6182

k-point: -0.15 0.15 0.15
eigenvalues: -8.7912 -8.7912 -8.7891 -8.785 -8.3118 -8.3072 -5.9422 -5.9422 5.9992 6.0022 7.6113 7.6113

k-point: -0.125 0.125 0.125
eigenvalues: -8.7902 -8.7902 -8.7891 -8.7855 -8.3125 -8.3084 -6.0148 -6.0148 6.0799 6.0826 7.5523 7.5523

k-point: -0.1 0.1 0.1
eigenvalues: -8.7894 -8.7894 -8.789 -8.786 -8.3129 -8.3095 -6.0751 -6.0751 6.1531 6.1554 7.4272 7.4272

k-point: -0.075 0.075 0.075
eigenvalues: -8.7888 -8.7888 -8.7888 -8.7865 -8.3132 -8.3106 -6.1224 -6.1224 6.2154 6.2173 7.2304 7.2304

k-point: -0.05 0.05 0.05
eigenvalues: -8.7886 -8.7883 -8.7883 -8.7871 -8.3133 -8.3115 -6.1565 -6.1565 6.2633 6.2646 6.9682 6.9682

k-point: -0.025 0.025 0.025
eigenvalues: -8.7883 -8.7881 -8.7881 -8.7875 -8.3129 -8.3122 -6.177 -6.177 6.2936 6.2942 6.6566 6.6566

k-point: 0.0 0.0 0.0
eigenvalues: -8.788 -8.788 -8.788 -8.788 -8.3128 -8.3128 -6.1839 -6.1839 6.3042 6.3042 6.3464 6.3464

k-point: -0.05 0.0 0.0
eigenvalues: -8.7884 -8.7884 -8.7876 -8.7876 -8.3124 -8.3124 -6.1748 -6.1748 6.2711 6.2711 6.7245 6.7245

k-point: -0.1 0.0 0.0
eigenvalues: -8.789 -8.789 -8.7872 -8.7872 -8.3122 -8.3122 -6.1474 -6.1474 6.177 6.177 7.1415 7.1415

k-point: -0.15 0.0 0.0
eigenvalues: -8.7901 -8.7901 -8.7866 -8.7866 -8.312 -8.312 -6.1019 -6.1019 6.0346 6.0346 7.5519 7.5519

k-point: -0.2 0.0 0.0
eigenvalues: -8.7914 -8.7914 -8.7858 -8.7858 -8.3119 -8.3119 -6.0388 -6.0388 5.8588 5.8588 7.9421 7.9421

k-point: -0.25 0.0 0.0
eigenvalues: -8.7931 -8.7931 -8.7849 -8.7849 -8.3118 -8.3118 -5.9584 -5.9584 5.6631 5.6631 8.2902 8.2902

k-point: -0.3 0.0 0.0
eigenvalues: -8.795 -8.795 -8.7838 -8.7838 -8.3118 -8.3118 -5.8613 -5.8613 5.4579 5.4579 8.5424 8.5424

k-point: -0.35 0.0 0.0
eigenvalues: -8.7972 -8.7972 -8.7826 -8.7826 -8.3117 -8.3117 -5.7483 -5.7483 5.2507 5.2507 8.5928 8.5928

k-point: -0.4 0.0 0.0
eigenvalues: -8.7995 -8.7995 -8.7812 -8.7812 -8.3116 -8.3116 -5.6203 -5.6203 5.0473 5.0473 8.4839 8.4839

k-point: -0.45 0.0 0.0
eigenvalues: -8.802 -8.802 -8.7799 -8.7799 -8.3112 -8.3112 -5.4782 -5.4782 4.8516 4.8516 8.3354 8.3354

k-point: -0.5 0.0 0.0
eigenvalues: -8.8045 -8.8045 -8.7785 -8.7785 -8.3102 -8.3102 -5.3236 -5.3236 4.6666 4.6666 8.1872 8.1872

k-point: -0.55 0.0 0.0
eigenvalues: -8.8069 -8.8069 -8.7771 -8.7771 -8.3087 -8.3087 -5.158 -5.158 4.4946 4.4946 8.0512 8.0512

k-point: -0.6 0.0 0.0
eigenvalues: -8.8094 -8.8094 -8.7758 -8.7758 -8.307 -8.307 -4.9836 -4.9836 4.3373 4.3373 7.9323 7.9323

k-point: -0.65 0.0 0.0
eigenvalues: -8.8116 -8.8116 -8.7746 -8.7746 -8.3053 -8.3053 -4.8032 -4.8032 4.1961 4.1961 7.8332 7.8332

k-point: -0.7 0.0 0.0
eigenvalues: -8.8137 -8.8137 -8.7735 -8.7735 -8.3037 -8.3037 -4.6208 -4.6208 4.0719 4.0719 7.7554 7.7554

k-point: -0.75 0.0 0.0
eigenvalues: -8.8155 -8.8155 -8.7725 -8.7725 -8.3021 -8.3021 -4.4413 -4.4413 3.9656 3.9656 7.7 7.7

k-point: -0.8 0.0 0.0
eigenvalues: -8.8172 -8.8172 -8.7717 -8.7717 -8.3007 -8.3007 -4.2717 -4.2717 3.8778 3.8778 7.6678 7.6678

k-point: -0.85 0.0 0.0
eigenvalues: -8.8184 -8.8184 -8.771 -8.771 -8.2996 -8.2996 -4.121 -4.121 3.809 3.809 7.6591 7.6591

k-point: -0.9 0.0 0.0
eigenvalues: -8.8193 -8.8193 -8.7705 -8.7705 -8.2987 -8.2987 -4.0001 -4.0001 3.7597 3.7597 7.6732 7.6732

k-point: -0.95 0.0 0.0
eigenvalues: -8.8199 -8.8199 -8.7702 -8.7702 -8.2982 -8.2982 -3.921 -3.921 3.73 3.73 7.7066 7.7066

k-point: -1.0 0.0 0.0
eigenvalues: -8.8201 -8.8201 -8.7701 -8.7701 -8.2981 -8.2981 -3.8934 -3.8934 3.72 3.72 7.7341 7.7341

k-point: -0.9875 0.0375 0.0
eigenvalues: -8.8223 -8.8178 -8.7706 -8.7696 -8.2991 -8.2972 -3.8946 -3.8944 3.7046 3.7122 7.755 7.7614

k-point: -0.975 0.075 0.0
eigenvalues: -8.8245 -8.8155 -8.771 -8.7691 -8.3005 -8.2965 -3.8978 -3.8976 3.6677 3.6826 7.8257 7.8361

k-point: -0.9625 0.1125 0.0
eigenvalues: -8.8264 -8.8131 -8.7713 -8.7686 -8.302 -8.2961 -3.9029 -3.9026 3.6124 3.6371 7.9457 7.9582

k-point: -0.95 0.15 0.0
eigenvalues: -8.8283 -8.8109 -8.7716 -8.7681 -8.3038 -8.2959 -3.9097 -3.9093 3.5458 3.5839 8.112 8.1262

k-point: -0.9375 0.1875 0.0
eigenvalues: -8.8299 -8.8087 -8.7718 -8.7676 -8.3056 -8.2959 -3.9176 -3.9172 3.4841 3.5303 8.3197 8.3364

k-point: -0.925 0.225 0.0
eigenvalues: -8.8313 -8.8067 -8.7719 -8.7672 -8.3062 -8.296 -3.9263 -3.9259 3.4345 3.4823 8.5638 8.584

k-point: -0.9125 0.2625 0.0
eigenvalues: -8.8325 -8.805 -8.772 -8.7668 -8.3055 -8.2962 -3.9353 -3.935 3.3979 3.4452 8.8385 8.8638

k-point: -0.9 0.3 0.0
eigenvalues: -8.8336 -8.8034 -8.772 -8.7665 -8.3046 -8.2966 -3.9441 -3.9438 3.3776 3.4234 9.1373 9.1709

k-point: -0.8875 0.3375 0.0
eigenvalues: -8.8343 -8.8022 -8.772 -8.7662 -8.3037 -8.2971 -3.9523 -3.9521 3.3765 3.4203 9.4505 9.4993

k-point: -0.875 0.375 0.0
eigenvalues: -8.8349 -8.8012 -8.772 -8.7659 -8.3027 -8.2976 -3.9595 -3.9593 3.3966 3.4381 9.7573 9.8375

k-point: -0.8625 0.4125 0.0
eigenvalues: -8.8353 -8.8005 -8.7721 -8.7657 -8.3018 -8.2982 -3.9653 -3.9652 3.4387 3.4775 10.0059 10.1359

k-point: -0.85 0.45 0.0
eigenvalues: -8.8355 -8.8001 -8.7722 -8.7654 -8.301 -8.2987 -3.9695 -3.9694 3.5018 3.5379 10.0832 10.2221

k-point: -0.8375 0.4875 0.0
eigenvalues: -8.8355 -8.8 -8.7725 -8.7652 -8.3004 -8.299 -3.9718 -3.9717 3.5834 3.6166 9.908 10.004

k-point: -0.825 0.525 0.0
eigenvalues: -8.8354 -8.8 -8.7728 -8.765 -8.3005 -8.2987 -3.972 -3.9719 3.6793 3.7092 9.5919 9.6552

k-point: -0.8125 0.5625 0.0
eigenvalues: -8.8351 -8.8003 -8.7731 -8.7648 -8.301 -8.2981 -3.9701 -3.97 3.7832 3.8096 9.2459 9.2905

k-point: -0.8 0.6 0.0
eigenvalues: -8.8348 -8.8008 -8.7734 -8.7646 -8.3015 -8.2976 -3.966 -3.9658 3.8869 3.9092 8.9167 8.9496

k-point: -0.7875 0.6375 0.0
eigenvalues: -8.8344 -8.8014 -8.7736 -8.7645 -8.3021 -8.297 -3.9597 -3.9595 3.9799 3.9976 8.6281 8.6522

k-point: -0.775 0.675 0.0
eigenvalues: -8.8341 -8.802 -8.7738 -8.7645 -8.3026 -8.2966 -3.9514 -3.9511 4.0501 4.0625 8.3973 8.414

k-point: -0.7625 0.7125 0.0
eigenvalues: -8.8338 -8.8026 -8.7738 -8.7645 -8.3031 -8.2963 -3.9412 -3.9408 4.085 4.0916 8.2388 8.2491

k-point: -0.75 0.75 0.0
eigenvalues: -8.8336 -8.8031 -8.7737 -8.7646 -8.3035 -8.2962 -3.9295 -3.929 4.0738 4.0761 8.1622 8.1689

k-point: -0.7125 0.7125 0.0
eigenvalues: -8.8336 -8.8019 -8.7742 -8.7643 -8.3024 -8.2966 -3.9771 -3.977 4.1944 4.1962 8.269 8.2785

k-point: -0.675 0.675 0.0
eigenvalues: -8.833 -8.8011 -8.7748 -8.7645 -8.3014 -8.2971 -4.0483 -4.0478 4.3275 4.3288 8.3813 8.394

k-point: -0.6375 0.6375 0.0
eigenvalues: -8.8318 -8.8004 -8.7754 -8.7652 -8.3007 -8.2976 -4.1447 -4.1434 4.4712 4.4721 8.4935 8.5102

k-point: -0.6 0.6 0.0
eigenvalues: -8.83 -8.7999 -8.776 -8.7663 -8.3003 -8.2982 -4.2651 -4.2631 4.6232 4.6239 8.5987 8.6204

k-point: -0.5625 0.5625 0.0
eigenvalues: -8.8277 -8.7995 -8.7767 -8.7679 -8.3004 -8.2988 -4.4065 -4.4037 4.7812 4.7816 8.6882 8.716

k-point: -0.525 0.525 0.0
eigenvalues: -8.825 -8.7991 -8.7774 -8.7698 -8.3007 -8.2994 -4.564 -4.5607 4.9424 4.9426 8.7523 8.7873

k-point: -0.4875 0.4875 0.0
eigenvalues: -8.8217 -8.7986 -8.7781 -8.7719 -8.3015 -8.3 -4.7322 -4.7286 5.1036 5.1038 8.7824 8.8254

k-point: -0.45 0.45 0.0
eigenvalues: -8.8182 -8.7981 -8.7788 -8.7741 -8.3025 -8.3007 -4.9058 -4.902 5.2618 5.262 8.7739 8.8246

k-point: -0.4125 0.4125 0.0
eigenvalues: -8.8144 -8.7975 -8.7795 -8.7764 -8.3038 -8.3015 -5.0796 -5.0759 5.4137 5.414 8.7272 8.7845

k-point: -0.375 0.375 0.0
eigenvalues: -8.8104 -8.7968 -8.7803 -8.7787 -8.3053 -8.3024 -5.2494 -5.246 5.5562 5.5568 8.6477 8.7097

k-point: -0.3375 0.3375 0.0
eigenvalues: -8.8065 -8.7959 -8.7811 -8.7808 -8.3068 -8.3034 -5.4116 -5.4086 5.6867 5.6877 8.5424 8.6068

k-point: -0.3 0.3 0.0
eigenvalues: -8.8027 -8.7951 -8.7827 -8.7819 -8.3083 -8.3045 -5.5631 -5.5607 5.8033 5.805 8.4172 8.4816

k-point: -0.2625 0.2625 0.0
eigenvalues: -8.7991 -8.7941 -8.7844 -8.7828 -8.3097 -8.3056 -5.7017 -5.6998 5.9048 5.9073 8.2749 8.337

k-point: -0.225 0.225 0.0
eigenvalues: -8.7959 -8.7931 -8.7858 -8.7836 -8.3109 -8.3068 -5.8253 -5.8239 5.9911 5.9947 8.1144 8.1714

k-point: -0.1875 0.1875 0.0
eigenvalues: -8.7932 -8.792 -8.7868 -8.7845 -8.3119 -8.308 -5.9323 -5.9314 6.0633 6.0683 7.9294 7.9786

k-point: -0.15 0.15 0.0
eigenvalues: -8.791 -8.7909 -8.7876 -8.7853 -8.3127 -8.3091 -6.0215 -6.0211 6.1242 6.1304 7.7091 7.7479

k-point: -0.1125 0.1125 0.0
eigenvalues: -8.7899 -8.7895 -8.7881 -8.7861 -8.3131 -8.3103 -6.092 -6.0918 6.1791 6.1854 7.4401 7.4671

k-point: -0.075 0.075 0.0
eigenvalues: -8.7891 -8.7885 -8.7882 -8.7868 -8.3133 -8.3113 -6.1429 -6.1428 6.2345 6.2381 7.1135 7.1287

k-point: -0.0375 0.0375 0.0
eigenvalues: -8.7884 -8.7882 -8.788 -8.7874 -8.3128 -8.3121 -6.1736 -6.1736 6.2841 6.2843 6.7321 6.7376

k-point: 0.0 0.0 0.0
eigenvalues: -8.788 -8.788 -8.788 -8.788 -8.3128 -8.3128 -6.1839 -6.1839 6.3042 6.3042 6.3464 6.3464

