# E (eV) pdos(E) 
 -8.917  0.511E-07
 -8.817  0.384E-01
 -8.717  0.508E-03
 -8.617  0.348E-15
 -8.517  0.216E-09
 -8.417  0.465E-02
 -8.317  0.106E+00
 -8.217  0.161E-05
 -8.117  0.486E-21
 -8.017  0.000E+00
 -7.917  0.000E+00
 -7.817  0.000E+00
 -7.717  0.000E+00
 -7.617  0.000E+00
 -7.517  0.000E+00
 -7.417  0.000E+00
 -7.317  0.000E+00
 -7.217  0.000E+00
 -7.117  0.000E+00
 -7.017  0.000E+00
 -6.917  0.000E+00
 -6.817  0.000E+00
 -6.717  0.000E+00
 -6.617  0.000E+00
 -6.517  0.000E+00
 -6.417  0.979E-37
 -6.317  0.262E-14
 -6.217  0.167E-03
 -6.117  0.113E-01
 -6.017  0.201E-01
 -5.917  0.140E-01
 -5.817  0.151E-01
 -5.717  0.162E-01
 -5.617  0.197E-01
 -5.517  0.103E-01
 -5.417  0.341E-01
 -5.317  0.295E-01
 -5.217  0.629E-02
 -5.117  0.509E-02
 -5.017  0.125E-01
 -4.917  0.302E-01
 -4.817  0.278E-01
 -4.717  0.256E-01
 -4.617  0.301E-01
 -4.517  0.125E-02
 -4.417  0.179E-01
 -4.317  0.100E-02
 -4.217  0.767E-03
 -4.117  0.112E-01
 -4.017  0.604E-02
 -3.917  0.146E-01
 -3.817  0.118E-06
 -3.717  0.548E-22
 -3.617  0.000E+00
 -3.517  0.000E+00
 -3.417  0.000E+00
 -3.317  0.000E+00
 -3.217  0.000E+00
 -3.117  0.000E+00
 -3.017  0.000E+00
 -2.917  0.000E+00
 -2.817  0.000E+00
 -2.717  0.000E+00
 -2.617  0.000E+00
 -2.517  0.000E+00
 -2.417  0.000E+00
 -2.317  0.000E+00
 -2.217  0.000E+00
 -2.117  0.000E+00
 -2.017  0.000E+00
 -1.917  0.000E+00
 -1.817  0.000E+00
 -1.717  0.000E+00
 -1.617  0.000E+00
 -1.517  0.000E+00
 -1.417  0.000E+00
 -1.317  0.000E+00
 -1.217  0.000E+00
 -1.117  0.000E+00
 -1.017  0.000E+00
 -0.917  0.000E+00
 -0.817  0.000E+00
 -0.717  0.000E+00
 -0.617  0.781E-25
 -0.517  0.124E-06
 -0.417  0.613E+00
 -0.317  0.349E+00
 -0.217  0.111E+01
 -0.117  0.902E+00
 -0.017  0.116E+00
  0.083  0.207E+00
  0.183  0.116E+00
  0.283  0.239E+00
  0.383  0.627E-01
  0.483  0.238E+00
  0.583  0.185E-01
  0.683  0.463E-01
  0.783  0.326E+00
  0.883  0.107E-05
  0.983  0.762E-02
  1.083  0.344E+00
  1.183  0.818E-07
  1.283  0.608E-03
  1.383  0.427E+00
  1.483  0.164E-03
  1.583  0.112E-07
  1.683  0.110E+00
  1.783  0.202E+00
  1.883  0.114E-08
  1.983  0.588E-05
  2.083  0.189E+00
  2.183  0.169E-01
  2.283  0.968E-13
  2.383  0.475E-02
  2.483  0.943E+00
  2.583  0.819E+00
  2.683  0.425E+00
  2.783  0.239E+00
  2.883  0.395E+00
  2.983  0.489E-01
  3.083  0.170E+00
  3.183  0.465E-01
  3.283  0.216E+00
  3.383  0.916E+00
  3.483  0.746E+00
  3.583  0.983E+00
  3.683  0.123E+01
  3.783  0.103E+01
  3.883  0.987E+00
  3.983  0.851E+00
  4.083  0.131E+01
  4.183  0.914E+00
  4.283  0.171E+00
  4.383  0.358E+00
  4.483  0.744E+00
  4.583  0.264E+00
  4.683  0.259E+00
  4.783  0.737E+00
  4.883  0.167E+00
  4.983  0.288E+00
  5.083  0.113E+01
  5.183  0.507E+00
  5.283  0.146E+01
  5.383  0.132E+01
  5.483  0.774E+00
  5.583  0.640E+00
  5.683  0.164E+01
  5.783  0.112E+01
  5.883  0.111E+01
  5.983  0.244E+01
  6.083  0.168E+01
  6.183  0.109E+01
  6.283  0.243E+01
  6.383  0.424E-03
  6.483  0.706E-18
  6.583  0.122E-03
  6.683  0.980E-01
  6.783  0.110E-01
  6.883  0.977E-05
  6.983  0.139E+00
  7.083  0.157E+00
  7.183  0.866E-01
  7.283  0.667E-01
  7.383  0.476E-01
  7.483  0.148E+00
  7.583  0.249E+00
  7.683  0.296E+00
  7.783  0.602E-01
  7.883  0.404E+00
  7.983  0.341E+00
  8.083  0.125E+00
  8.183  0.303E+00
  8.283  0.598E+00
  8.383  0.210E+00
  8.483  0.488E+00
  8.583  0.426E+00
  8.683  0.271E+00
  8.783  0.392E+00
  8.883  0.160E+00
  8.983  0.169E-01
  9.083  0.152E+00
  9.183  0.122E+00
  9.283  0.206E+00
  9.383  0.121E+00
  9.483  0.675E-01
  9.583  0.113E+00
  9.683  0.110E+00
  9.783  0.329E+00
  9.883  0.172E+00
  9.983  0.783E+00
 10.083  0.376E+00
 10.183  0.194E+00
 10.283  0.378E+00
 10.383  0.263E+00
 10.483  0.195E+00
 10.583  0.238E+00
 10.683  0.253E+00
 10.783  0.834E+00
 10.883  0.749E+00
 10.983  0.113E+00
 11.083  0.310E+00
 11.183  0.246E+00
 11.283  0.237E+00
 11.383  0.411E+00
 11.483  0.257E+00
 11.583  0.146E+00
 11.683  0.387E+00
 11.783  0.262E+00
 11.883  0.399E+00
 11.983  0.678E-01
 12.083  0.641E-01
 12.183  0.352E-01
 12.283  0.758E-01
 12.383  0.107E+00
 12.483  0.334E-01
 12.583  0.154E+00
 12.683  0.749E-01
 12.783  0.233E-01
 12.883  0.171E+00
 12.983  0.819E-01
 13.083  0.190E+00
 13.183  0.188E-01
 13.283  0.225E+00
 13.383  0.184E+00
 13.483  0.648E-01
 13.583  0.178E+00
 13.683  0.279E+00
 13.783  0.887E-01
 13.883  0.369E+00
 13.983  0.503E-02
 14.083  0.491E-01
 14.183  0.297E-01
 14.283  0.141E+00
 14.383  0.118E+00
 14.483  0.210E-03
 14.583  0.384E-01
 14.683  0.221E+00
 14.783  0.215E-05
 14.883  0.104E+00
 14.983  0.161E+00
 15.083  0.936E-01
 15.183  0.623E-01
 15.283  0.242E-01
 15.383  0.128E+00
 15.483  0.273E-01
 15.583  0.293E-01
 15.683  0.193E+00
 15.783  0.763E-01
 15.883  0.180E+00
 15.983  0.193E+00
 16.083  0.399E-05
