# E (eV) pdos(E) 
 -8.917  0.159E-05
 -8.817  0.428E-01
 -8.717  0.282E-04
 -8.617  0.470E-16
 -8.517  0.137E-08
 -8.417  0.217E-01
 -8.317  0.136E-01
 -8.217  0.168E-06
 -8.117  0.519E-22
 -8.017  0.000E+00
 -7.917  0.000E+00
 -7.817  0.000E+00
 -7.717  0.000E+00
 -7.617  0.000E+00
 -7.517  0.000E+00
 -7.417  0.000E+00
 -7.317  0.000E+00
 -7.217  0.000E+00
 -7.117  0.000E+00
 -7.017  0.000E+00
 -6.917  0.000E+00
 -6.817  0.000E+00
 -6.717  0.000E+00
 -6.617  0.000E+00
 -6.517  0.000E+00
 -6.417  0.455E-36
 -6.317  0.122E-13
 -6.217  0.775E-03
 -6.117  0.528E-01
 -6.017  0.947E-01
 -5.917  0.669E-01
 -5.817  0.733E-01
 -5.717  0.792E-01
 -5.617  0.956E-01
 -5.517  0.522E-01
 -5.417  0.178E+00
 -5.317  0.152E+00
 -5.217  0.338E-01
 -5.117  0.278E-01
 -5.017  0.713E-01
 -4.917  0.184E+00
 -4.817  0.174E+00
 -4.717  0.176E+00
 -4.617  0.216E+00
 -4.517  0.970E-02
 -4.417  0.153E+00
 -4.317  0.107E-01
 -4.217  0.852E-02
 -4.117  0.175E+00
 -4.017  0.179E+00
 -3.917  0.123E+01
 -3.817  0.124E-03
 -3.717  0.141E-18
 -3.617  0.000E+00
 -3.517  0.000E+00
 -3.417  0.000E+00
 -3.317  0.000E+00
 -3.217  0.000E+00
 -3.117  0.000E+00
 -3.017  0.000E+00
 -2.917  0.000E+00
 -2.817  0.000E+00
 -2.717  0.000E+00
 -2.617  0.000E+00
 -2.517  0.000E+00
 -2.417  0.000E+00
 -2.317  0.000E+00
 -2.217  0.000E+00
 -2.117  0.000E+00
 -2.017  0.000E+00
 -1.917  0.000E+00
 -1.817  0.000E+00
 -1.717  0.000E+00
 -1.617  0.000E+00
 -1.517  0.000E+00
 -1.417  0.000E+00
 -1.317  0.000E+00
 -1.217  0.000E+00
 -1.117  0.000E+00
 -1.017  0.000E+00
 -0.917  0.000E+00
 -0.817  0.000E+00
 -0.717  0.000E+00
 -0.617  0.904E-29
 -0.517  0.178E-10
 -0.417  0.312E-03
 -0.317  0.228E-02
 -0.217  0.883E-01
 -0.117  0.552E-01
 -0.017  0.142E-01
  0.083  0.695E-01
  0.183  0.131E-01
  0.283  0.645E-01
  0.383  0.315E-02
  0.483  0.675E-01
  0.583  0.360E-02
  0.683  0.177E-02
  0.783  0.883E-01
  0.883  0.222E-06
  0.983  0.127E-02
  1.083  0.859E-01
  1.183  0.234E-07
  1.283  0.120E-03
  1.383  0.610E-01
  1.483  0.439E-04
  1.583  0.214E-08
  1.683  0.212E-01
  1.783  0.397E-01
  1.883  0.285E-09
  1.983  0.108E-05
  2.083  0.335E-01
  2.183  0.355E-02
  2.283  0.262E-13
  2.383  0.331E-02
  2.483  0.503E+00
  2.583  0.575E+00
  2.683  0.276E+00
  2.783  0.154E+00
  2.883  0.121E+00
  2.983  0.267E-01
  3.083  0.978E-01
  3.183  0.266E-01
  3.283  0.556E-01
  3.383  0.517E+00
  3.483  0.467E+00
  3.583  0.552E+00
  3.683  0.639E+00
  3.783  0.485E+00
  3.883  0.511E+00
  3.983  0.434E+00
  4.083  0.643E+00
  4.183  0.368E+00
  4.283  0.410E-01
  4.383  0.159E+00
  4.483  0.335E+00
  4.583  0.876E-01
  4.683  0.117E+00
  4.783  0.245E+00
  4.883  0.684E-01
  4.983  0.662E-01
  5.083  0.388E+00
  5.183  0.168E+00
  5.283  0.441E+00
  5.383  0.359E+00
  5.483  0.225E+00
  5.583  0.186E+00
  5.683  0.431E+00
  5.783  0.218E+00
  5.883  0.244E+00
  5.983  0.415E+00
  6.083  0.284E+00
  6.183  0.189E+00
  6.283  0.357E+00
  6.383  0.606E-04
  6.483  0.109E-18
  6.583  0.202E-04
  6.683  0.161E-01
  6.783  0.185E-02
  6.883  0.209E-05
  6.983  0.301E-01
  7.083  0.293E+00
  7.183  0.130E+00
  7.283  0.132E+00
  7.383  0.739E-01
  7.483  0.153E+00
  7.583  0.223E+00
  7.683  0.788E+00
  7.783  0.273E+00
  7.883  0.672E-01
  7.983  0.189E+00
  8.083  0.142E+00
  8.183  0.410E+00
  8.283  0.373E+00
  8.383  0.309E+00
  8.483  0.486E+00
  8.583  0.409E+00
  8.683  0.300E+00
  8.783  0.400E+00
  8.883  0.206E+00
  8.983  0.209E-01
  9.083  0.871E-01
  9.183  0.576E+00
  9.283  0.661E+00
  9.383  0.849E-01
  9.483  0.119E+00
  9.583  0.318E+00
  9.683  0.947E-01
  9.783  0.193E+01
  9.883  0.645E+00
  9.983  0.376E+01
 10.083  0.129E+01
 10.183  0.858E+00
 10.283  0.163E+01
 10.383  0.103E+01
 10.483  0.755E+00
 10.583  0.835E+00
 10.683  0.609E+00
 10.783  0.260E+01
 10.883  0.210E+01
 10.983  0.232E+00
 11.083  0.585E+00
 11.183  0.429E+00
 11.283  0.397E+00
 11.383  0.550E+00
 11.483  0.599E+00
 11.583  0.234E+00
 11.683  0.538E+00
 11.783  0.256E+00
 11.883  0.529E+00
 11.983  0.194E+00
 12.083  0.337E-01
 12.183  0.908E-01
 12.283  0.133E+00
 12.383  0.295E+00
 12.483  0.101E+00
 12.583  0.351E+00
 12.683  0.948E-01
 12.783  0.692E-01
 12.883  0.439E+00
 12.983  0.199E+00
 13.083  0.248E+00
 13.183  0.479E-01
 13.283  0.538E+00
 13.383  0.342E+00
 13.483  0.167E+00
 13.583  0.353E+00
 13.683  0.472E+00
 13.783  0.150E+00
 13.883  0.622E+00
 13.983  0.587E-02
 14.083  0.878E-01
 14.183  0.586E-01
 14.283  0.275E+00
 14.383  0.199E+00
 14.483  0.343E-03
 14.583  0.754E-01
 14.683  0.396E+00
 14.783  0.331E-05
 14.883  0.188E+00
 14.983  0.294E+00
 15.083  0.175E+00
 15.183  0.105E+00
 15.283  0.433E-01
 15.383  0.233E+00
 15.483  0.445E-01
 15.583  0.531E-01
 15.683  0.348E+00
 15.783  0.141E+00
 15.883  0.339E+00
 15.983  0.348E+00
 16.083  0.715E-05
