 &plot nbnd=  26, nks=    81 /
           -0.500000  0.500000  0.500000
   -8.805   -8.805   -8.784   -8.784   -8.366   -8.366   -8.331   -8.331   -8.296   -8.296
   -4.570   -4.570   -0.196   -0.196    5.020    5.020    5.222    5.222    7.048    7.048
   10.747   10.747   10.841   10.841   13.934   13.934
           -0.475000  0.475000  0.475000
   -8.805   -8.805   -8.784   -8.784   -8.366   -8.366   -8.331   -8.331   -8.297   -8.296
   -4.586   -4.586   -0.166   -0.166    5.025    5.025    5.227    5.227    7.053    7.053
   10.749   10.749   10.844   10.844   13.933   13.933
           -0.450000  0.450000  0.450000
   -8.804   -8.804   -8.785   -8.783   -8.366   -8.366   -8.331   -8.331   -8.298   -8.296
   -4.634   -4.634   -0.076   -0.076    5.039    5.039    5.241    5.241    7.068    7.068
   10.755   10.755   10.851   10.851   13.927   13.927
           -0.425000  0.425000  0.425000
   -8.804   -8.804   -8.785   -8.783   -8.365   -8.365   -8.330   -8.330   -8.299   -8.296
   -4.709   -4.709    0.069    0.069    5.062    5.062    5.264    5.265    7.093    7.093
   10.764   10.764   10.862   10.862   13.902   13.902
           -0.400000  0.400000  0.400000
   -8.803   -8.803   -8.786   -8.783   -8.365   -8.365   -8.330   -8.330   -8.300   -8.296
   -4.806   -4.806    0.263    0.263    5.095    5.095    5.296    5.298    7.126    7.126
   10.774   10.774   10.874   10.875   13.833   13.833
           -0.375000  0.375000  0.375000
   -8.802   -8.802   -8.786   -8.783   -8.365   -8.365   -8.329   -8.329   -8.301   -8.297
   -4.919   -4.919    0.499    0.499    5.136    5.136    5.337    5.340    7.169    7.169
   10.781   10.781   10.885   10.887   13.680   13.680
           -0.350000  0.350000  0.350000
   -8.801   -8.801   -8.787   -8.783   -8.365   -8.365   -8.328   -8.328   -8.302   -8.298
   -5.041   -5.041    0.773    0.773    5.185    5.185    5.387    5.390    7.220    7.220
   10.784   10.784   10.892   10.894   13.423   13.423
           -0.325000  0.325000  0.325000
   -8.800   -8.800   -8.787   -8.783   -8.364   -8.364   -8.327   -8.327   -8.303   -8.298
   -5.168   -5.168    1.078    1.078    5.243    5.243    5.445    5.448    7.278    7.278
   10.777   10.777   10.890   10.892   13.086   13.086
           -0.300000  0.300000  0.300000
   -8.799   -8.799   -8.788   -8.783   -8.364   -8.364   -8.326   -8.326   -8.305   -8.299
   -5.297   -5.297    1.409    1.409    5.308    5.308    5.511    5.514    7.341    7.341
   10.756   10.756   10.875   10.877   12.708   12.708
           -0.275000  0.275000  0.275000
   -8.797   -8.797   -8.788   -8.783   -8.363   -8.363   -8.325   -8.325   -8.306   -8.301
   -5.422   -5.422    1.764    1.764    5.379    5.379    5.583    5.586    7.409    7.409
   10.719   10.719   10.842   10.844   12.314   12.314
           -0.250000  0.250000  0.250000
   -8.796   -8.796   -8.788   -8.783   -8.362   -8.362   -8.324   -8.324   -8.308   -8.302
   -5.543   -5.543    2.137    2.137    5.456    5.456    5.661    5.664    7.476    7.476
   10.662   10.662   10.789   10.792   11.920   11.920
           -0.225000  0.225000  0.225000
   -8.795   -8.795   -8.789   -8.784   -8.362   -8.362   -8.322   -8.322   -8.309   -8.303
   -5.657   -5.657    2.527    2.527    5.537    5.537    5.743    5.746    7.539    7.539
   10.585   10.585   10.716   10.718   11.535   11.535
           -0.200000  0.200000  0.200000
   -8.793   -8.793   -8.789   -8.784   -8.361   -8.361   -8.321   -8.321   -8.310   -8.305
   -5.763   -5.763    2.930    2.930    5.621    5.621    5.828    5.831    7.589    7.589
   10.491   10.491   10.623   10.626   11.169   11.169
           -0.175000  0.175000  0.175000
   -8.792   -8.792   -8.789   -8.784   -8.360   -8.360   -8.319   -8.319   -8.311   -8.306
   -5.858   -5.858    3.343    3.343    5.706    5.706    5.914    5.918    7.618    7.618
   10.384   10.384   10.517   10.519   10.832   10.832
           -0.150000  0.150000  0.150000
   -8.791   -8.791   -8.789   -8.785   -8.360   -8.360   -8.318   -8.318   -8.312   -8.307
   -5.942   -5.942    3.764    3.764    5.789    5.789    5.999    6.002    7.611    7.611
   10.268   10.268   10.403   10.404   10.536   10.536
           -0.125000  0.125000  0.125000
   -8.790   -8.790   -8.789   -8.785   -8.359   -8.359   -8.316   -8.316   -8.312   -8.308
   -6.015   -6.015    4.190    4.190    5.868    5.868    6.080    6.083    7.552    7.552
   10.145   10.145   10.288   10.289   10.302   10.302
           -0.100000  0.100000  0.100000
   -8.789   -8.789   -8.789   -8.786   -8.359   -8.359   -8.315   -8.315   -8.313   -8.310
   -6.075   -6.075    4.616    4.616    5.941    5.941    6.153    6.155    7.427    7.427
   10.017   10.017   10.144   10.144   10.181   10.181
           -0.075000  0.075000  0.075000
   -8.789   -8.789   -8.789   -8.787   -8.358   -8.358   -8.314   -8.314   -8.313   -8.311
   -6.122   -6.122    5.038    5.038    6.003    6.003    6.215    6.217    7.230    7.230
    9.904    9.904   10.048   10.048   10.088   10.088
           -0.050000  0.050000  0.050000
   -8.789   -8.788   -8.788   -8.787   -8.358   -8.358   -8.313   -8.313   -8.313   -8.312
   -6.156   -6.156    5.448    5.448    6.056    6.056    6.263    6.265    6.968    6.968
    9.825    9.825    9.992    9.992   10.016   10.017
           -0.025000  0.025000  0.025000
   -8.788   -8.788   -8.788   -8.788   -8.358   -8.358   -8.313   -8.313   -8.313   -8.312
   -6.177   -6.177    5.817    5.817    6.115    6.115    6.294    6.294    6.657    6.657
    9.780    9.780    9.964    9.964    9.971    9.971
            0.000000  0.000000  0.000000
   -8.788   -8.788   -8.788   -8.788   -8.358   -8.358   -8.313   -8.313   -8.313   -8.313
   -6.184   -6.184    5.976    5.976    6.304    6.304    6.304    6.304    6.346    6.346
    9.765    9.765    9.956    9.956    9.956    9.956
           -0.050000  0.000000  0.000000
   -8.788   -8.788   -8.788   -8.788   -8.358   -8.358   -8.313   -8.313   -8.312   -8.312
   -6.175   -6.175    5.781    5.781    6.091    6.091    6.271    6.271    6.725    6.725
    9.777    9.777    9.954    9.954    9.997    9.997
           -0.100000  0.000000  0.000000
   -8.789   -8.789   -8.787   -8.787   -8.358   -8.358   -8.314   -8.314   -8.312   -8.312
   -6.147   -6.147    5.383    5.383    5.982    5.982    6.177    6.177    7.141    7.141
    9.732    9.732   10.030   10.030   10.116   10.116
           -0.150000  0.000000  0.000000
   -8.790   -8.790   -8.787   -8.787   -8.358   -8.358   -8.314   -8.314   -8.312   -8.312
   -6.102   -6.102    4.963    4.963    5.849    5.849    6.035    6.035    7.552    7.552
    9.602    9.602   10.216   10.216   10.302   10.302
           -0.200000  0.000000  0.000000
   -8.791   -8.791   -8.786   -8.786   -8.359   -8.359   -8.314   -8.314   -8.312   -8.312
   -6.039   -6.039    4.542    4.542    5.686    5.686    5.859    5.859    7.942    7.942
    9.437    9.437   10.470   10.470   10.544   10.544
           -0.250000  0.000000  0.000000
   -8.793   -8.793   -8.785   -8.785   -8.360   -8.360   -8.315   -8.315   -8.312   -8.312
   -5.958   -5.958    4.124    4.124    5.504    5.504    5.663    5.663    8.290    8.290
    9.270    9.270   10.770   10.770   10.830   10.830
           -0.300000  0.000000  0.000000
   -8.795   -8.795   -8.784   -8.784   -8.361   -8.361   -8.314   -8.314   -8.312   -8.312
   -5.861   -5.861    3.711    3.711    5.312    5.312    5.458    5.458    8.542    8.542
    9.153    9.153   11.103   11.103   11.149   11.149
           -0.350000  0.000000  0.000000
   -8.797   -8.797   -8.783   -8.783   -8.363   -8.363   -8.314   -8.314   -8.312   -8.312
   -5.748   -5.748    3.303    3.303    5.116    5.116    5.251    5.251    8.593    8.593
    9.180    9.180   11.460   11.460   11.494   11.494
           -0.400000  0.000000  0.000000
   -8.800   -8.800   -8.781   -8.781   -8.365   -8.365   -8.313   -8.313   -8.312   -8.312
   -5.620   -5.620    2.902    2.902    4.922    4.922    5.047    5.047    8.484    8.484
    9.290    9.290   11.835   11.835   11.858   11.858
           -0.450000  0.000000  0.000000
   -8.802   -8.802   -8.780   -8.780   -8.366   -8.366   -8.312   -8.312   -8.311   -8.311
   -5.478   -5.478    2.509    2.509    4.734    4.734    4.852    4.852    8.335    8.335
    9.350    9.350   12.222   12.222   12.238   12.238
           -0.500000  0.000000  0.000000
   -8.804   -8.804   -8.778   -8.778   -8.368   -8.368   -8.312   -8.312   -8.310   -8.310
   -5.324   -5.324    2.125    2.125    4.556    4.556    4.667    4.667    8.187    8.187
    9.322    9.322   12.615   12.615   12.634   12.634
           -0.550000  0.000000  0.000000
   -8.807   -8.807   -8.777   -8.777   -8.370   -8.370   -8.312   -8.312   -8.309   -8.309
   -5.158   -5.158    1.751    1.751    4.390    4.390    4.495    4.495    8.051    8.051
    9.216    9.216   13.012   13.012   13.040   13.040
           -0.600000  0.000000  0.000000
   -8.809   -8.809   -8.776   -8.776   -8.371   -8.371   -8.312   -8.312   -8.307   -8.307
   -4.984   -4.984    1.389    1.389    4.237    4.237    4.337    4.337    7.932    7.932
    9.057    9.057   13.413   13.413   13.451   13.451
           -0.650000  0.000000  0.000000
   -8.812   -8.812   -8.775   -8.775   -8.373   -8.373   -8.312   -8.312   -8.305   -8.305
   -4.803   -4.803    1.044    1.044    4.100    4.100    4.196    4.196    7.833    7.833
    8.871    8.871   13.816   13.816   13.864   13.864
           -0.700000  0.000000  0.000000
   -8.814   -8.814   -8.773   -8.773   -8.374   -8.374   -8.311   -8.311   -8.304   -8.304
   -4.621   -4.621    0.717    0.717    3.979    3.979    4.072    4.072    7.755    7.755
    8.676    8.676   14.218   14.218   14.274   14.274
           -0.750000  0.000000  0.000000
   -8.816   -8.816   -8.772   -8.772   -8.375   -8.375   -8.311   -8.311   -8.302   -8.302
   -4.441   -4.441    0.415    0.415    3.876    3.876    3.966    3.966    7.700    7.700
    8.486    8.486   14.615   14.615   14.677   14.677
           -0.800000  0.000000  0.000000
   -8.817   -8.817   -8.772   -8.772   -8.376   -8.376   -8.311   -8.311   -8.301   -8.301
   -4.272   -4.272    0.145    0.145    3.790    3.790    3.878    3.878    7.668    7.668
    8.309    8.309   14.997   14.997   15.063   15.063
           -0.850000  0.000000  0.000000
   -8.818   -8.818   -8.771   -8.771   -8.376   -8.376   -8.311   -8.311   -8.300   -8.300
   -4.121   -4.121   -0.084   -0.084    3.723    3.723    3.809    3.809    7.659    7.659
    8.150    8.150   15.350   15.350   15.417   15.417
           -0.900000  0.000000  0.000000
   -8.819   -8.819   -8.770   -8.770   -8.377   -8.377   -8.311   -8.311   -8.299   -8.299
   -4.000   -4.000   -0.261   -0.261    3.674    3.674    3.760    3.760    7.673    7.673
    8.014    8.014   15.651   15.651   15.715   15.715
           -0.950000  0.000000  0.000000
   -8.820   -8.820   -8.770   -8.770   -8.377   -8.377   -8.311   -8.311   -8.298   -8.298
   -3.921   -3.921   -0.374   -0.374    3.645    3.645    3.730    3.730    7.707    7.707
    7.907    7.907   15.863   15.863   15.920   15.920
           -1.000000  0.000000  0.000000
   -8.820   -8.820   -8.770   -8.770   -8.377   -8.377   -8.311   -8.311   -8.298   -8.298
   -3.893   -3.893   -0.413   -0.413    3.636    3.636    3.720    3.720    7.734    7.734
    7.854    7.854   15.941   15.941   15.994   15.994
           -0.987500  0.037500  0.000000
   -8.822   -8.818   -8.771   -8.770   -8.381   -8.373   -8.312   -8.310   -8.299   -8.297
   -3.895   -3.894   -0.411   -0.405    3.616    3.633    3.705    3.712    7.755    7.761
    7.879    7.892   15.849   15.910   15.928   15.954
           -0.975000  0.075000  0.000000
   -8.824   -8.815   -8.771   -8.769   -8.384   -8.370   -8.312   -8.310   -8.300   -8.297
   -3.898   -3.898   -0.400   -0.390    3.575    3.608    3.668    3.683    7.826    7.836
    7.964    7.988   15.642   15.698   15.791   15.835
           -0.962500  0.112500  0.000000
   -8.826   -8.813   -8.771   -8.769   -8.388   -8.366   -8.313   -8.309   -8.302   -8.296
   -3.903   -3.903   -0.382   -0.366    3.515    3.566    3.612    3.637    7.946    7.958
    8.102    8.134   15.310   15.346   15.610   15.664
           -0.950000  0.150000  0.000000
   -8.828   -8.811   -8.772   -8.768   -8.392   -8.363   -8.313   -8.308   -8.304   -8.296
   -3.910   -3.909   -0.357   -0.336    3.437    3.507    3.546    3.584    8.112    8.126
    8.287    8.324   14.885   14.904   15.401   15.456
           -0.937500  0.187500  0.000000
   -8.830   -8.809   -8.772   -8.768   -8.395   -8.359   -8.313   -8.308   -8.306   -8.296
   -3.918   -3.917   -0.327   -0.301    3.347    3.427    3.484    3.530    8.320    8.336
    8.509    8.552   14.404   14.411   15.169   15.221
           -0.925000  0.225000  0.000000
   -8.831   -8.807   -8.772   -8.767   -8.398   -8.356   -8.314   -8.308   -8.306   -8.296
   -3.926   -3.926   -0.294   -0.264    3.249    3.332    3.434    3.482    8.564    8.584
    8.763    8.810   13.893   13.897   14.920   14.966
           -0.912500  0.262500  0.000000
   -8.833   -8.805   -8.772   -8.767   -8.401   -8.352   -8.314   -8.310   -8.306   -8.296
   -3.935   -3.935   -0.261   -0.226    3.146    3.229    3.398    3.445    8.838    8.864
    9.043    9.093   13.368   13.378   14.656   14.696
           -0.900000  0.300000  0.000000
   -8.834   -8.803   -8.772   -8.767   -8.403   -8.349   -8.315   -8.312   -8.305   -8.297
   -3.944   -3.944   -0.230   -0.190    3.044    3.126    3.378    3.423    9.137    9.171
    9.343    9.394   12.845   12.864   14.384   14.416
           -0.887500  0.337500  0.000000
   -8.834   -8.802   -8.772   -8.766   -8.405   -8.346   -8.317   -8.313   -8.304   -8.297
   -3.952   -3.952   -0.203   -0.159    2.944    3.025    3.377    3.420    9.451    9.499
    9.658    9.706   12.336   12.365   14.107   14.133
           -0.875000  0.375000  0.000000
   -8.835   -8.801   -8.772   -8.766   -8.407   -8.343   -8.320   -8.314   -8.303   -8.298
   -3.960   -3.959   -0.181   -0.134    2.850    2.929    3.397    3.438    9.757    9.837
    9.987   10.021   11.859   11.902   13.833   13.854
           -0.862500  0.412500  0.000000
   -8.835   -8.801   -8.772   -8.766   -8.408   -8.340   -8.322   -8.314   -8.302   -8.298
   -3.965   -3.965   -0.166   -0.117    2.765    2.842    3.439    3.478   10.006   10.136
   10.322   10.348   11.456   11.519   13.566   13.588
           -0.850000  0.450000  0.000000
   -8.835   -8.800   -8.772   -8.765   -8.409   -8.338   -8.325   -8.314   -8.301   -8.299
   -3.970   -3.969   -0.159   -0.108    2.689    2.764    3.502    3.538   10.083   10.222
   10.678   10.713   11.247   11.321   13.316   13.347
           -0.837500  0.487500  0.000000
   -8.836   -8.800   -8.772   -8.765   -8.409   -8.337   -8.326   -8.315   -8.300   -8.299
   -3.972   -3.972   -0.159   -0.106    2.624    2.697    3.583    3.617    9.908   10.004
   11.056   11.090   11.316   11.386   13.105   13.150
           -0.825000  0.525000  0.000000
   -8.835   -8.800   -8.773   -8.765   -8.409   -8.338   -8.326   -8.315   -8.300   -8.299
   -3.972   -3.972   -0.165   -0.112    2.572    2.642    3.679    3.709    9.592    9.655
   11.328   11.428   11.586   11.613   12.972   13.030
           -0.812500  0.562500  0.000000
   -8.835   -8.800   -8.773   -8.765   -8.408   -8.339   -8.325   -8.315   -8.301   -8.298
   -3.970   -3.970   -0.177   -0.124    2.532    2.601    3.783    3.810    9.246    9.291
   11.420   11.556   11.969   12.011   12.971   13.028
           -0.800000  0.600000  0.000000
   -8.835   -8.801   -8.773   -8.765   -8.407   -8.342   -8.323   -8.315   -8.302   -8.298
   -3.966   -3.966   -0.192   -0.140    2.506    2.573    3.887    3.909    8.917    8.950
   11.382   11.507   12.401   12.445   13.116   13.154
           -0.787500  0.637500  0.000000
   -8.834   -8.801   -8.774   -8.764   -8.406   -8.344   -8.321   -8.315   -8.302   -8.297
   -3.960   -3.959   -0.210   -0.159    2.494    2.559    3.980    3.998    8.628    8.652
   11.254   11.360   12.843   12.889   13.344   13.367
           -0.775000  0.675000  0.000000
   -8.834   -8.802   -8.774   -8.764   -8.405   -8.346   -8.319   -8.315   -8.303   -8.297
   -3.951   -3.951   -0.229   -0.179    2.497    2.559    4.050    4.063    8.397    8.414
   11.078   11.168   13.282   13.330   13.576   13.616
           -0.762500  0.712500  0.000000
   -8.834   -8.803   -8.774   -8.764   -8.405   -8.348   -8.317   -8.315   -8.303   -8.296
   -3.941   -3.941   -0.248   -0.200    2.513    2.574    4.085    4.092    8.239    8.249
   10.881   10.958   13.673   13.736   13.776   13.856
           -0.750000  0.750000  0.000000
   -8.834   -8.803   -8.774   -8.765   -8.404   -8.349   -8.316   -8.315   -8.304   -8.296
   -3.930   -3.929   -0.266   -0.219    2.544    2.603    4.074    4.076    8.162    8.169
   10.677   10.746   13.882   13.890   14.046   14.047
           -0.712500  0.712500  0.000000
   -8.834   -8.802   -8.774   -8.764   -8.405   -8.346   -8.319   -8.316   -8.302   -8.297
   -3.977   -3.977   -0.206   -0.156    2.459    2.522    4.194    4.196    8.269    8.278
   11.260   11.359   13.605   13.643   13.689   13.692
           -0.675000  0.675000  0.000000
   -8.833   -8.801   -8.775   -8.765   -8.405   -8.344   -8.323   -8.316   -8.301   -8.297
   -4.048   -4.048   -0.127   -0.074    2.433    2.499    4.327    4.329    8.381    8.394
   11.703   11.846   13.266   13.280   13.465   13.590
           -0.637500  0.637500  0.000000
   -8.832   -8.800   -8.775   -8.765   -8.404   -8.342   -8.327   -8.317   -8.301   -8.298
   -4.145   -4.143   -0.021    0.032    2.466    2.533    4.471    4.472    8.494    8.510
   11.894   12.060   12.909   12.919   13.145   13.274
           -0.600000  0.600000  0.000000
   -8.830   -8.800   -8.776   -8.766   -8.403   -8.340   -8.330   -8.317   -8.300   -8.298
   -4.265   -4.263    0.117    0.168    2.552    2.620    4.623    4.624    8.599    8.620
   11.877   12.035   12.567   12.575   12.762   12.879
           -0.562500  0.562500  0.000000
   -8.828   -8.799   -8.777   -8.768   -8.400   -8.339   -8.332   -8.318   -8.300   -8.299
   -4.406   -4.404    0.290    0.339    2.686    2.753    4.781    4.782    8.688    8.716
   11.780   11.925   12.242   12.249   12.386   12.501
           -0.525000  0.525000  0.000000
   -8.825   -8.799   -8.777   -8.770   -8.397   -8.340   -8.333   -8.318   -8.301   -8.299
   -4.564   -4.561    0.500    0.547    2.862    2.928    4.942    4.943    8.752    8.787
   11.673   11.810   11.937   11.943   12.035   12.155
           -0.487500  0.487500  0.000000
   -8.822   -8.799   -8.778   -8.772   -8.393   -8.342   -8.332   -8.318   -8.301   -8.300
   -4.732   -4.729    0.747    0.790    3.073    3.138    5.104    5.104    8.782    8.825
   11.556   11.635   11.660   11.666   11.786   11.871
           -0.450000  0.450000  0.000000
   -8.818   -8.798   -8.779   -8.774   -8.389   -8.345   -8.331   -8.319   -8.303   -8.301
   -4.906   -4.902    1.029    1.069    3.314    3.378    5.262    5.262    8.774    8.825
   11.351   11.361   11.398   11.399   11.732   11.733
           -0.412500  0.412500  0.000000
   -8.814   -8.797   -8.780   -8.776   -8.385   -8.348   -8.329   -8.319   -8.304   -8.302
   -5.080   -5.076    1.345    1.382    3.580    3.642    5.414    5.414    8.727    8.785
   11.071   11.112   11.154   11.155   11.712   11.735
           -0.375000  0.375000  0.000000
   -8.810   -8.797   -8.780   -8.779   -8.381   -8.350   -8.328   -8.319   -8.305   -8.302
   -5.249   -5.246    1.692    1.726    3.866    3.927    5.556    5.557    8.648    8.710
   10.814   10.865   10.933   10.934   11.728   11.754
           -0.337500  0.337500  0.000000
   -8.806   -8.796   -8.781   -8.781   -8.377   -8.352   -8.326   -8.318   -8.307   -8.303
   -5.412   -5.409    2.068    2.100    4.166    4.227    5.687    5.688    8.542    8.607
   10.585   10.638   10.734   10.736   11.730   11.754
           -0.300000  0.300000  0.000000
   -8.803   -8.795   -8.783   -8.782   -8.373   -8.354   -8.324   -8.318   -8.308   -8.304
   -5.563   -5.561    2.471    2.500    4.475    4.534    5.803    5.805    8.417    8.482
   10.385   10.438   10.558   10.560   11.673   11.693
           -0.262500  0.262500  0.000000
   -8.799   -8.794   -8.784   -8.783   -8.369   -8.355   -8.322   -8.318   -8.310   -8.306
   -5.702   -5.700    2.899    2.925    4.785    4.843    5.905    5.907    8.275    8.337
   10.216   10.267   10.402   10.406   11.522   11.539
           -0.225000  0.225000  0.000000
   -8.796   -8.793   -8.786   -8.784   -8.366   -8.357   -8.320   -8.317   -8.311   -8.307
   -5.825   -5.824    3.348    3.372    5.088    5.144    5.991    5.995    8.114    8.171
   10.080   10.127   10.269   10.273   11.272   11.287
           -0.187500  0.187500  0.000000
   -8.793   -8.792   -8.787   -8.784   -8.363   -8.357   -8.318   -8.316   -8.312   -8.308
   -5.932   -5.931    3.815    3.837    5.372    5.427    6.063    6.068    7.929    7.979
    9.977   10.019   10.158   10.163   10.955   10.969
           -0.150000  0.150000  0.000000
   -8.791   -8.791   -8.788   -8.785   -8.361   -8.358   -8.317   -8.315   -8.313   -8.309
   -6.022   -6.021    4.297    4.316    5.626    5.676    6.124    6.130    7.709    7.748
    9.904    9.939   10.069   10.075   10.623   10.636
           -0.112500  0.112500  0.000000
   -8.790   -8.789   -8.788   -8.786   -8.359   -8.358   -8.315   -8.314   -8.313   -8.310
   -6.092   -6.092    4.788    4.804    5.835    5.878    6.179    6.185    7.440    7.467
    9.856    9.881   10.007   10.011   10.327   10.338
           -0.075000  0.075000  0.000000
   -8.789   -8.788   -8.788   -8.787   -8.358   -8.358   -8.314   -8.313   -8.313   -8.311
   -6.143   -6.143    5.279    5.291    5.984    6.014    6.235    6.238    7.113    7.129
    9.820    9.832    9.972    9.974   10.109   10.116
           -0.037500  0.037500  0.000000
   -8.788   -8.788   -8.788   -8.787   -8.358   -8.358   -8.313   -8.313   -8.313   -8.312
   -6.174   -6.174    5.743    5.750    6.086    6.099    6.284    6.284    6.732    6.738
    9.784    9.786    9.958    9.959    9.990    9.991
            0.000000  0.000000  0.000000
   -8.788   -8.788   -8.788   -8.788   -8.358   -8.358   -8.313   -8.313   -8.313   -8.313
   -6.184   -6.184    5.976    5.976    6.304    6.304    6.304    6.304    6.346    6.346
    9.765    9.765    9.956    9.956    9.956    9.956
